DC0
0 2 0
1 3 2
2 3 3
3 3 4
4 3 5
5 3 6
6 4 14
7 5 30
8 6 62
AC0
1 2 0
0 3 2
2 3 3
3 3 4
17 3 5
4 4 12
18 5 26
33 5 27
49 5 28
5 6 58
65 6 59
6 7 120
19 7 121
34 7 122
81 7 123
97 7 124
50 8 250
113 8 251
7 9 504
20 9 505
66 9 506
129 9 507
35 10 1016
145 10 1017
161 10 1018
177 10 1019
51 11 2040
82 11 2041
193 11 2042
21 12 4086
36 12 4087
98 12 4088
114 12 4089
209 12 4090
52 13 8182
67 13 8183
83 13 8184
146 13 8185
225 13 8186
240 13 8187
8 14 16376
22 14 16377
115 14 16378
130 14 16379
147 14 16380
37 15 32762
53 16 65526
99 16 65527
162 16 65528
178 16 65529
23 16 65530
54 16 65531
68 16 65532
131 16 65533
241 16 65534
DC1
0 1 0
1 2 2
2 3 6
3 4 14
4 5 30
5 6 62
6 7 126
AC1
0 1 0
1 2 2
17 3 6
2 4 14
3 6 60
33 6 61
49 6 62
18 7 126
65 8 254
4 9 510
19 11 2044
20 11 2045
81 11 2046
34 12 4094
97 13 8190
113 14 16382
